mjd,band,flux,fluxerr,detected_bool,ratio,ratio2bool
0.0,u,0.10614124,0.14221428,0,0.7463472725805032,1
0.0,g,-0.008269559000000001,0.14184059999999998,0,0.05830177678323415,1
0.0,r,-0.19626153,0.14184059999999998,0,1.3836766764946005,1
0.0,i,-0.31238115,0.14184059999999998,0,2.202339457108896,1
0.0,z,-0.13255394,0.14184059999999998,0,0.9345274907184545,1
0.0,Y,0.35429832,0.14308410000000002,0,2.4761543735467457,1
2.0,u,0.025332756,0.14192988,0,0.17848782793306103,1
2.0,g,0.025042104,0.14192887,0,0.17644122721473085,1
2.0,r,0.04892385,0.14201297,0,0.34450268873328965,1
2.0,i,0.07387964400000001,0.14210079999999994,0,0.5199101201400699,1
2.0,z,-0.04357595,0.14184059999999998,0,0.3072177500659191,1
2.0,Y,0.02130344,0.1419157,0,0.15011334193468376,1
4.0,u,0.26517057,0.1427723,0,1.8572970387112908,1
4.0,g,0.11932098,0.14226061,0,0.8387492504074036,1
4.0,r,0.11421922,0.14224267,0,0.8029884422163899,1
4.0,i,-0.03281446,0.14184059999999998,0,0.2313474421286994,1
4.0,z,-0.071828805,0.14184059999999998,0,0.5064051124995241,1
4.0,Y,-0.2856492,0.14184059999999998,0,2.0138747298023274,1
6.0,u,0.2783335,0.14281839,0,1.9488631681116138,1
6.0,g,-0.03620149,0.14184059999999998,0,0.25522657123559833,1
6.0,r,-0.09578071,0.14184059999999998,0,0.6752700566692471,1
6.0,i,-0.13026421,0.14184059999999998,0,0.9183845104998146,1
6.0,z,-0.049950402000000005,0.14184059999999998,0,0.35215870491241585,1
6.0,Y,-0.08552082,0.14184059999999998,0,0.6029361127914011,1
8.0,u,-0.1666999,0.14184059999999998,0,1.1752622309832308,1
8.0,g,0.07446682,0.14210287,0,0.5240345955011324,1
8.0,r,0.06344019599999999,0.14206406,0,0.44656048827550043,1
8.0,i,0.05370257,0.14202979,0,0.37810778992210015,1
8.0,z,0.16056420000000002,0.14240548,0,1.1275141939762432,1
8.0,Y,-0.06077015,0.14184059999999998,0,0.42843974151265585,1
10.0,u,0.11981277,0.14226232,0,0.8421960924016985,1
10.0,g,-0.13364936,0.14184059999999998,0,0.9422503852916585,1
10.0,r,-0.028962852,0.14184059999999998,0,0.20419296026666556,1
10.0,i,-0.02126606,0.14184059999999998,0,0.14992928681914772,1
10.0,z,-0.021906847000000004,0.14184059999999998,0,0.15444694255382455,1
10.0,Y,-0.02586005,0.14184059999999998,0,0.1823176861914008,1
12.0,u,-0.12660436,0.14184059999999998,0,0.8925819546730627,1
12.0,g,-0.26815113,0.14184059999999998,0,1.8905104039323017,1
12.0,r,-0.1712604,0.14184059999999998,0,1.2074145202431463,1
12.0,i,0.050771587,0.14201947,0,0.3574973699028732,1
12.0,z,0.16545524,0.14242266,0,1.1617199117050616,1
12.0,Y,-0.009898913,0.14184059999999998,0,0.06978899553442386,1
14.0,u,-0.096341304,0.14184059999999998,0,0.6792223383149818,1
14.0,g,-0.09944576,0.14184059999999998,0,0.701109273367428,1
14.0,r,-0.1984756,0.14184059999999998,0,1.3992862410339495,1
14.0,i,0.13761671,0.1423249,0,0.9669194216893882,1
14.0,z,-0.11423933,0.14184059999999998,0,0.8054064210106275,1
14.0,Y,-0.33669817,0.14184059999999998,0,2.3737785232154973,1
16.0,u,0.016089203,0.14189732,0,0.11338623590635821,1
16.0,g,0.035520583,0.14196578,0,0.25020524664464916,1
16.0,r,-0.048380647,0.14184059999999998,0,0.34109166909897454,1
16.0,i,0.05513583,0.14203483,0,0.3881852782166177,1
16.0,z,0.12920383,0.14229533,0,0.9079976834095679,1
16.0,Y,-0.42489612,0.14184059999999998,0,2.995588851146992,1
18.0,u,-0.14807566,0.14184059999999998,0,1.0439582178868392,1
18.0,g,-0.084921576,0.14184059999999998,0,0.5987113421686034,1
18.0,r,-0.17247131,0.14184059999999998,0,1.2159516386704512,1
18.0,i,0.031712074,0.14195237,0,0.22339939798116792,1
18.0,z,0.19713983,0.14253385,0,1.3831088544931607,1
18.0,Y,0.23465574,0.14266539,0,1.6447979429348631,1
20.0,u,0.060898658,0.14205512,0,0.4286973816924022,1
20.0,g,0.06841488,0.14208157,0,0.48151832781690124,1
20.0,r,0.06492095,0.14206928,0,0.456966840403499,1
20.0,i,0.09937916,0.1421905,0,0.6989156096926307,1
20.0,z,0.0828842,0.14213249,0,0.583147456292365,1
20.0,Y,0.17315355,0.14244969,0,1.2155417818038075,1
22.0,u,0.12347806,0.14227523,0,0.8678816403951692,1
22.0,g,-0.008345122,0.14184059999999998,0,0.05883450859626934,1
22.0,r,0.0010384321,0.14184427,0,0.007320930905421841,1
22.0,i,-0.13476191,0.14184059999999998,0,0.9500940492355505,1
22.0,z,-0.12659477,0.14184059999999998,0,0.8925143435659466,1
22.0,Y,0.004644695999999999,0.14185698,0,0.03274210405437927,1
24.0,u,-0.09727358,0.14184059999999998,0,0.6857950403481091,1
24.0,g,0.049086199999999997,0.14201353,0,0.3456445311936123,1
24.0,r,0.15565297,0.14238824,0,1.0931588872788933,1
24.0,i,-0.12621962,0.14184059999999998,0,0.8898694731973781,1
24.0,z,0.08788681,0.14215009,0,0.6182677056342348,1
24.0,Y,0.08782211,0.14214985,0,0.617813596004498,1
26.0,u,-0.29472044,0.14184059999999998,0,2.0778284919832544,1
26.0,g,-0.04086837,0.14184059999999998,0,0.2881288573229386,1
26.0,r,-0.06620715,0.14184059999999998,0,0.4667715026586183,1
26.0,i,-0.060259923,0.14184059999999998,0,0.424842555657548,1
26.0,z,0.30259457,0.14290329999999998,0,2.1174778329121864,1
26.0,Y,0.19356513,0.14252132,0,1.3581485913826787,1
28.0,u,0.20829602,0.14257298,0,1.4609782302368934,1
28.0,g,-0.059468422,0.14184059999999998,0,0.4192623409658448,1
28.0,r,-0.018432485,0.14184059999999998,0,0.12995210821161218,1
28.0,i,-0.07504816,0.14184059999999998,0,0.5291021047570301,1
28.0,z,-0.13299759,0.14184059999999998,0,0.9376552975664233,1
28.0,Y,-0.053394087,0.14184059999999998,0,0.3764372612637003,1
30.0,u,0.13084425,0.14230109999999999,0,0.9194886757727102,1
30.0,g,-0.1708136,0.14184059999999998,0,1.2042645053672927,1
30.0,r,0.03916075,0.14197859,0,0.27582151646949027,1
30.0,i,-0.031177197,0.14184059999999998,0,0.21980446360209985,1
30.0,z,-0.07272460000000001,0.14184059999999998,0,0.512720617369075,1
30.0,Y,-0.26756197,0.14184059999999998,0,1.8863567271994057,1
32.0,u,0.12462388,0.14227925,0,0.8759104366940366,1
32.0,g,-0.08118539,0.14184059999999998,0,0.5723706047492749,1
32.0,r,-0.26169732,0.14184059999999998,0,1.8450099618867943,1
32.0,i,-0.15522398,0.14184059999999998,0,1.0943550718200574,1
32.0,z,0.045527805,0.142001,0,0.32061608721065343,1
32.0,Y,-0.024151076,0.14184059999999998,0,0.17026913309729375,1
34.0,u,-0.002546899,0.14184059999999998,0,0.01795606476565948,1
34.0,g,-0.16425966,0.14184059999999998,0,1.1580581300417512,1
34.0,r,-0.04459342,0.14184059999999998,0,0.3143910840760685,1
34.0,i,0.0464651,0.14200431,0,0.3272090825975634,1
34.0,z,-0.00852434,0.14184059999999998,0,0.06009802553006686,1
34.0,Y,0.10836638,0.1422221,0,0.7619517641772974,1
36.0,u,-0.23439305,0.14184059999999998,0,1.6525102826694191,1
36.0,g,0.08343764,0.14213443,0,0.5870332754702713,1
36.0,r,-0.2102246,0.14184059999999998,0,1.4821186599605476,1
36.0,i,-0.24936351,0.14184059999999998,0,1.7580545344562843,1
36.0,z,0.16468878,0.14241996,0,1.156360246134039,1
36.0,Y,-0.20835598,0.14184059999999998,0,1.4689445758125672,1
38.0,u,-0.013077115,0.14184059999999998,0,0.09219585224540788,1
38.0,g,-0.0007526472,0.14184059999999998,0,0.005306288890486927,1
38.0,r,-0.16076027,0.14184059999999998,0,1.1333868441052846,1
38.0,i,0.11926131,0.14226039,0,0.8383311053765564,1
38.0,z,-0.022729903,0.14184059999999998,0,0.16024962528359302,1
38.0,Y,0.020349735,0.14191233,0,0.14339652516451531,1
40.0,u,-0.07857033,0.14184059999999998,0,0.5539339935110258,1
40.0,g,-0.06894231,0.14184059999999998,0,0.4860548390235237,1
40.0,r,-0.12513599,0.14184059999999998,0,0.8822297000999715,1
40.0,i,-0.061669838,0.14184059999999998,0,0.4347826926846051,1
40.0,z,0.20390770000000005,0.14255759,0,1.4303531646403396,1
40.0,Y,-0.068155855,0.14184059999999998,0,0.48051019947744167,1
42.0,u,-0.23735653,0.14184059999999998,0,1.6734033132967574,1
42.0,g,-0.030804662000000007,0.14184059999999998,0,0.21717802942175943,1
42.0,r,-0.07122318,0.14184059999999998,0,0.5021353547573826,1
42.0,i,-0.27160323,0.14184059999999998,0,1.9148482874437927,1
42.0,z,-0.28826588,0.14184059999999998,0,2.0323227623120603,1
42.0,Y,-0.07381105,0.14184059999999998,0,0.5203802719390641,1
44.0,u,0.05718773200000001,0.14204207,0,0.4026112263782133,1
44.0,g,0.065539874,0.14207146,0,0.4613162559179725,1
44.0,r,0.16137351,0.14240833,0,1.1331746534770823,1
44.0,i,-0.08981247,0.14184059999999998,0,0.6331929644967662,1
44.0,z,-0.109590456,0.14184059999999998,0,0.7726310802407774,1
44.0,Y,0.2471033,0.14270902,0,1.731518442211992,1
46.0,u,0.019756613,0.14191023,0,0.13921908942012143,1
46.0,g,-0.08346912,0.14184059999999998,0,0.5884712839624198,1
46.0,r,0.11753564,0.14225434,0,0.8262358814500843,1
46.0,i,0.1317357,0.14230423,0,0.9257328471542976,1
46.0,z,0.31503424,0.14294682,0,2.2038562312893704,1
46.0,Y,0.051948234,0.14202362,0,0.3657717920441685,1
48.0,u,0.16319294,0.14241472,0,1.1458993845580008,1
48.0,g,-0.124948904,0.14184059999999998,0,0.880910712447635,1
48.0,r,0.11194872,0.14223470000000002,0,0.787070384371746,1
48.0,i,-0.058815803,0.14184059999999998,0,0.41466126764833205,1
48.0,z,-0.033147164,0.14184059999999998,0,0.233693061084062,1
48.0,Y,0.031543072000000005,0.14195177,0,0.2222097829424741,1
50.0,u,-0.04057054,0.14184059999999998,0,0.28602910591184755,1
50.0,g,0.017812343,0.14190339,0,0.12552443602651073,1
50.0,r,0.058320507,0.14204605,0,0.4105746481510749,1
50.0,i,0.16844134,0.14243315,0,1.1825992755197787,1
50.0,z,0.017439652,0.14190207,0,0.12289920788329586,1
50.0,Y,0.008113256999999999,0.14186922,0,0.05718828227856613,1
52.0,u,-0.13861236,0.14184059999999998,0,0.9772403670035237,1
52.0,g,-0.05916110400000001,0.14184059999999998,0,0.41709569756473125,1
52.0,r,-0.11586354,0.14184059999999998,0,0.816857373699773,1
52.0,i,-0.1254962,0.14184059999999998,0,0.8847692409648579,1
52.0,z,0.058391053,0.1420463,0,0.41107056642798867,1
52.0,Y,-0.22125876,0.14184059999999998,0,1.5599113370924829,1
54.0,u,-0.025589436,0.14184059999999998,0,0.1804098121412346,1
54.0,g,0.094757035,0.14217424,0,0.6664852578076028,1
54.0,r,0.21437521,0.1425943,0,1.5033925619747774,1
54.0,i,0.14596933,0.14235424,0,1.025395028627177,1
54.0,z,-0.20892498,0.14184059999999998,0,1.4729561211670004,1
54.0,Y,-0.028780222,0.14184059999999998,0,0.20290538816107662,1
56.0,u,-0.13560587,0.14184059999999998,0,0.9560441086684631,1
56.0,g,0.01072543,0.14187841,0,0.07559592752695776,1
56.0,r,0.24153958,0.14268951,0,1.692763399355706,1
56.0,i,0.07597549,0.14210819,0,0.5346313256118456,1
56.0,z,-0.028858032000000002,0.14184059999999998,0,0.20345396170066968,1
56.0,Y,-0.115855284,0.14184059999999998,0,0.816799167516212,1
58.0,u,-0.10635781,0.14184059999999998,0,0.7498403842059327,1
58.0,g,0.19267121,0.14251818,0,1.3519061918977635,1
58.0,r,-0.08193409,0.14184059999999998,0,0.5776490652182803,1
58.0,i,0.00047426953000000003,0.14184229,0,0.0033436398270219694,1
58.0,z,0.028738081000000002,0.14194188,0,0.20246371965765145,1
58.0,Y,0.20188203,0.14255050000000002,0,1.416214113594831,1
60.0,u,-0.0028639627,0.14184059999999998,0,0.020191416984981735,1
60.0,g,0.08397135,0.1421363,0,0.5907804691693818,1
60.0,r,-0.039253425,0.14184059999999998,0,0.2767432244364449,1
60.0,i,-0.0900466,0.14184059999999998,0,0.634843620232853,1
60.0,z,-0.26550967,0.14184059999999998,0,1.8718876682698748,1
60.0,Y,-0.16469684,0.14184059999999998,0,1.1611403223054615,1
62.0,u,0.16720188,0.14242879,0,1.173933163372377,1
62.0,g,0.08257824,0.1421314,0,0.5809992725041757,1
62.0,r,-0.30892393,0.14184059999999998,0,2.1779654767393826,1
62.0,i,-0.11869965,0.14184059999999998,0,0.83685242448213,1
62.0,z,0.17843154,0.14246821,0,1.2524305597718957,1
62.0,Y,-0.06789581,0.14184059999999998,0,0.4786768386484547,1
64.0,u,4.871867,0.15808424,0,30.81817010980981,1
64.0,g,26.91212,0.21686605,0,124.09558803694723,1
64.0,r,37.342587,0.23971097,0,155.78171912616264,1
64.0,i,34.875454,0.23450845,0,148.71725944203715,1
64.0,z,45.88897,0.25691970000000003,0,178.61211109930454,1
64.0,Y,42.379566,0.24999666,0,169.52052879426466,1
66.0,u,13.691370999999998,0.1838753,0,74.46008789652552,1
66.0,g,76.25251,0.31043723,0,245.62939825226505,1
66.0,r,108.02256000000001,0.35796833,0,301.76568971897603,1
66.0,i,104.15449,0.3525241,0,295.45353069478085,1
66.0,z,123.92092,0.37952559999999996,0,326.51531280103376,1
66.0,Y,108.02925,0.35797766,0,301.77651309302377,1
68.0,u,13.997086999999999,0.18470475,0,75.7808719050268,1
68.0,g,76.48188,0.31080645,0,246.07558819966573,1
68.0,r,108.685776,0.35889348,0,302.8357494819912,1
68.0,i,107.2545,0.35689390000000004,0,300.5220879370591,1
68.0,z,123.80888,0.37937796,0,326.3470550582327,1
68.0,Y,108.076355,0.35804346,0,301.8526158807649,1
70.0,u,10.560208,0.17515413,0,60.29094489521886,1
70.0,g,57.383053000000004,0.27839148,0,206.1235961675264,1
70.0,r,87.412735,0.32791996,0,266.5672897740046,1
70.0,i,86.20057,0.32606643,0,264.36505591820656,1
70.0,z,97.97622,0.3436495,0,285.1050852685658,1
70.0,Y,88.097984,0.32896313,0,267.8050394279748,1
72.0,u,7.5350113,0.16629423,0,45.311321384993335,1
72.0,g,40.47309,0.24615411,0,164.4217518854347,1
72.0,r,58.98948000000001,0.28126186,0,209.73152918778257,1
72.0,i,64.46866999999999,0.2908392,0,221.66430797499095,1
72.0,z,73.28895,0.30562675,0,239.79887231729552,1
72.0,Y,69.96525,0.30014,0,233.1087159325648,1
74.0,u,5.94064,0.16142924,0,36.80027236701356,1
74.0,g,30.597642999999998,0.22520302,0,135.8669302036891,1
74.0,r,44.613323,0.254425,0,175.34960400903998,1
74.0,i,49.637676,0.26411444,0,187.94003084420527,1
74.0,z,55.533722,0.27504995,0,201.90413413999894,1
74.0,Y,54.1411,0.27250662,0,198.67810917767798,1
76.0,u,4.1689696000000005,0.15584521,0,26.750707320423903,1
76.0,g,22.103788,0.20548126,0,107.57082178686271,1
76.0,r,34.22214,0.23311134,0,146.8059855003193,1
76.0,i,39.435333,0.24403706,0,161.5956732145519,1
76.0,z,42.794109999999996,0.25082436,0,170.61385106295094,1
76.0,Y,42.852757000000004,0.25094128,0,170.76806574031983,1
78.0,u,2.9215815,0.15179045,0,19.24746583200722,1
78.0,g,16.053362,0.19018970000000002,0,84.40710511662829,1
78.0,r,24.622685999999998,0.21152173,0,116.40735918716247,1
78.0,i,32.07119,0.22845120000000002,0,140.38529891723044,1
78.0,z,35.46978,0.23577222,0,150.4408789127065,1
78.0,Y,35.512794,0.23586342,0,150.56507702635705,1
80.0,u,2.3463404,0.14988363,0,15.65441402773605,1
80.0,g,12.655016999999999,0.18103529999999998,0,69.90358786380335,1
80.0,r,18.049754999999998,0.19536765,0,92.388657999418,1
80.0,i,28.10305,0.21959466,0,127.97692803641036,1
80.0,z,32.345146,0.22905001,0,141.2143400473984,1
80.0,Y,32.5729,0.22954664,0,141.9010097468645,1
82.0,u,2.1347206,0.14917602,0,14.310078791484049,1
82.0,g,9.88395,0.1732129,0,57.06243588093035,1
82.0,r,15.77184,0.18944813,0,83.2514947495127,1
82.0,i,25.713163,0.21408392,0,120.1078670457828,1
82.0,z,30.47509,0.22493078,0,135.4865261215028,1
82.0,Y,31.141578999999997,0.22640745,0,137.54661783435128,1
84.0,u,1.9770002,0.14864643,0,13.300018036087378,1
84.0,g,9.645738,0.1725239,0,55.90957542694084,1
84.0,r,16.278685,0.19078115,0,85.3264853472159,1
84.0,i,27.329552000000003,0.21782632,0,125.46487495175057,1
84.0,z,32.799248,0.23003913,0,142.58116869073535,1
84.0,Y,32.098827,0.22851168,0,140.46908674427496,1
86.0,u,2.1627237999999998,0.14926983,0,14.488686695764308,1
86.0,g,9.411512,0.17184375,0,54.76784579014367,1
86.0,r,16.67272,0.19181105,0,86.92262515637134,1
86.0,i,28.361319,0.22018191,0,128.8085792334166,1
86.0,z,35.24588400000001,0.23529692,0,149.79322296271457,1
86.0,Y,33.598040000000005,0.23176886,0,144.96356413022875,1
88.0,u,1.9625217000000001,0.14859772,0,13.206943552027584,1
88.0,g,8.614431,0.16950868,0,50.819999306230216,1
88.0,r,17.181225,0.19313203,0,88.96103354787914,1
88.0,i,30.18282,0.22428013,0,134.57643349858947,1
88.0,z,37.875282,0.24081951,0,157.27663427269658,1
88.0,Y,37.028393,0.23905471,0,154.89505728625886,1
90.0,u,2.241157,0.14953232,0,14.98777655559681,1
90.0,g,8.809786,0.17008394,0,51.79669520826012,1
90.0,r,18.722393,0.1970816,0,94.99817841949731,1
90.0,i,32.604240000000004,0.22961489999999998,0,141.99531476398093,1
90.0,z,40.456534999999995,0.2461205,0,164.37694137627705,1
90.0,Y,40.666470000000004,0.24654659999999998,0,164.94435534702166,1
92.0,u,2.233458,0.14950658,0,14.938860884918912,1
92.0,g,9.361125,0.17169707,0,54.521169173125664,1
92.0,r,20.420816000000002,0.20134442,0,101.42230909602561,1
92.0,i,35.150288,0.2350937,0,149.51607805738735,1
92.0,z,44.267834,0.25374514,0,174.4578595672808,1
92.0,Y,44.606359999999995,0.25441134,0,175.33164991780632,1
94.0,u,2.5176578,0.15045404,0,16.73373343779934,1
94.0,g,9.384122999999999,0.17176402,0,54.63381096925887,1
94.0,r,20.065756,0.20046076,0,100.09817382713705,1
94.0,i,36.9295,0.23884778,0,154.61521141205498,1
94.0,z,47.659924,0.26034337,0,183.06563366679933,1
94.0,Y,48.01122700000001,0.2610172,0,183.93893965608402,1
96.0,u,2.4720576000000003,0.15030241,0,16.44722529731892,1
96.0,g,8.730391000000001,0.16985038,0,51.40047964567404,1
96.0,r,19.812067000000006,0.199827,0,99.146096373363,1
96.0,i,38.2064,0.24150603,0,158.2006047633676,1
96.0,z,50.530895,0.26580003,0,190.10868809909465,1
96.0,Y,50.884407,0.26646420000000004,0,190.96151377933694,1
98.0,u,1.9971457,0.14871417,0,13.429424378322523,1
98.0,g,7.764305999999999,0.16698223,0,46.49779799922422,1
98.0,r,19.526638000000002,0.19911152,0,98.06885106396658,1
98.0,i,39.725159999999995,0.24463017,0,162.388637509429,1
98.0,z,52.311752,0.2691292,0,194.37412216883192,1
98.0,Y,53.151512,0.2706848,0,196.3594261665228,1
100.0,u,2.2762287,0.14964955,0,15.210394551804532,1
100.0,g,7.635713000000001,0.16659674,0,45.83350790657729,1
100.0,r,19.318672,0.1985886,0,97.27986400024976,1
100.0,i,40.467453000000006,0.24614267,0,164.4064923810244,1
100.0,z,52.75339,0.26994842,0,195.420258433074,1
100.0,Y,56.31029,0.27645802,0,203.68477644453938,1
102.0,u,1.948303,0.14854987,0,13.115481016577126,1
102.0,g,6.4495629999999995,0.16299793,0,39.56837365971457,1
102.0,r,18.637732,0.19686669,0,94.67184113269745,1
102.0,i,38.818027,0.242769,0,159.8969678995259,1
102.0,z,52.487675,0.26945582,0,194.7913947451571,1
102.0,Y,57.45771,0.27852550000000004,0,206.29245796165878,1
104.0,u,1.7573967000000001,0.1479059,0,11.8818566399312,1
104.0,g,5.819669,0.16105412,0,36.13486572091419,1
104.0,r,17.065165,0.19283132,0,88.49789028047934,1
104.0,i,37.330242,0.23968521,0,155.74695660195303,1
104.0,z,50.92954,0.26654887,0,191.07017786269364,1
104.0,Y,57.910895999999994,0.27933788,0,207.31486900380284,1
106.0,u,1.7325037,0.14782172,0,11.720224199799597,1
106.0,g,5.034887,0.15859902,0,31.74601583288472,1
106.0,r,15.26856,0.18811518,0,81.16601754308186,1
106.0,i,34.697945000000004,0.23412967,0,148.19969207661723,1
106.0,z,48.874184,0.26266506,0,186.0703665725468,1
106.0,Y,55.84811,0.27562088,0,202.62655717520383,1
108.0,u,1.5413206,0.14717364,0,10.472803417785956,1
108.0,g,3.9536605000000002,0.15515289,0,25.482351633927028,1
108.0,r,12.734404,0.18125442,0,70.25706738627395,1
108.0,i,31.11863,0.22635676,0,137.47603561740326,1
108.0,z,46.128933,0.25738627,0,179.2206437429627,1
108.0,Y,53.57678000000001,0.2714692,0,197.35859537656575,1
110.0,u,1.5335965,0.14714739999999998,0,10.422178713317397,1
110.0,g,3.3695477999999994,0.15325895,0,21.985977327914615,1
110.0,r,11.172031,0.17689203,0,63.15734518960521,1
110.0,i,27.758329999999997,0.21880834,0,126.8613892870811,1
110.0,z,41.97972,0.24919567,0,168.46087253442244,1
110.0,Y,50.58074000000001,0.26589376,0,190.22913512524707,1
112.0,u,1.3478032,0.14651473,0,9.199096909914791,1
112.0,g,3.0785418,0.15230660000000001,0,20.212793142253847,1
112.0,r,9.92244,0.17332397,0,57.2479386434548,1
112.0,i,23.817347,0.2096094,0,113.6272848450499,1
112.0,z,37.868496,0.24080542,0,157.25765640989312,1
112.0,Y,47.59888,0.26022613,0,182.9135298595879,1
114.0,u,1.1960086,0.14599577,0,8.192077071822013,1
114.0,g,2.387302,0.15002020000000002,0,15.913203688569938,1
114.0,r,7.9554800000000006,0.1675537,0,47.48018098078408,1
114.0,i,20.570337,0.2017154,0,101.97702803058169,1
114.0,z,33.596603,0.23176575,0,144.95930913001598,1
114.0,Y,44.976006,0.25513676,0,176.2819516874009,1
116.0,u,0.98842895,0.14528313,0,6.803466789296182,1
116.0,g,2.188008,0.1493545,0,14.649762812637048,1
116.0,r,6.738336599999999,0.16388135,0,41.117165559107235,1
116.0,i,17.829437,0.19480297,0,91.52548854876288,1
116.0,z,30.023449,0.22392456,0,134.07841015742088,1
116.0,Y,41.984653,0.24920556,0,168.4739818806611,1
118.0,u,0.6927366,0.1442619,0,4.801937309851042,1
118.0,g,1.5762247,0.14729218,0,10.701346806055827,1
118.0,r,5.927524,0.1613886,0,36.72826953080949,1
118.0,i,15.670121,0.1891795,0,82.83202461154617,1
118.0,z,27.77753,0.2188522,0,126.92369553516025,1
118.0,Y,39.98669,0.24516413,0,163.101714757375,1
120.0,u,0.94490916,0.14513329,0,6.510630055998869,1
120.0,g,1.6846883000000001,0.14765991,0,11.409246423081255,1
120.0,r,5.1785026,0.15905114,0,32.55872670890633,1
120.0,i,14.912113,0.18716536,0,79.67346628671032,1
120.0,z,26.156578,0.21511704,0,121.59231086482038,1
120.0,Y,38.151886,0.24139315,0,158.048751590507,1
122.0,u,0.9034027,0.14499022,0,6.230783703893959,1
122.0,g,1.4597323999999998,0.14689620000000006,0,9.937169239231507,1
122.0,r,4.941862599999999,0.15830547,0,31.217257369565306,1
122.0,i,13.95764,0.18459794,0,75.61102794538228,1
122.0,z,25.029404,0.21248098,0,117.79597402082764,1
122.0,Y,34.999844,0.23477352,0,149.07918065035614,1
124.0,u,0.5079104,0.14361988,0,3.53649090919725,1
124.0,g,1.2244383,0.14609312,0,8.381218088846348,1
124.0,r,4.551432599999999,0.15706748,0,28.977561746072446,1
124.0,i,13.338947000000001,0.18291448,0,72.9245000177132,1
124.0,z,23.4887,0.20882399999999998,0,112.48084511358849,1
124.0,Y,31.544566999999997,0.22729568,0,138.78207892028567,1
126.0,u,0.46735713,0.14347862,0,3.2573294195330287,1
126.0,g,0.93792546,0.14510922,0,6.463582810244586,1
126.0,r,3.740533,0.15446454,0,24.21612753321895,1
126.0,i,11.310639,0.17728339,0,63.79976714118564,1
126.0,z,20.818104,0.20232859,0,102.89254721737547,1
126.0,Y,30.847841,0.22575784,0,136.6412834212092,1
128.0,u,0.16935101,0.14243634,0,1.188959292270498,1
128.0,g,0.8547773000000001,0.14482243,0,5.902243872030044,1
128.0,r,4.0963736000000015,0.15561213,0,26.32425634171322,1
128.0,i,10.348514999999999,0.17454876,0,59.2872444353085,1
128.0,z,19.288647,0.19851299,0,97.16566658937533,1
128.0,Y,29.689337,0.22317728,0,133.0302842654951,1
130.0,u,0.24654372,0.14270705,0,1.7276211651771933,1
130.0,g,0.7121278,0.14432909,0,4.934055913468311,1
130.0,r,3.9826143,0.15524617,0,25.653543014942013,1
130.0,i,9.942582000000002,0.17338206,0,57.34492945809965,1
130.0,z,18.38375,0.19622056,0,93.68921381123364,1
130.0,Y,28.170109999999998,0.21974729,0,128.19320775241414,1
132.0,u,0.30416694,0.1429088,0,2.1283989509393404,1
132.0,g,1.2483523,0.14617494,0,8.540125277287611,1
132.0,r,3.7723153,0.15456738,0,24.40563655798526,1
132.0,i,9.955297999999999,0.17341873,0,57.40612908421137,1
132.0,z,17.975481,0.19517747,0,92.09813509725277,1
132.0,Y,26.730541,0.21644699999999997,0,123.49693458444793,1
134.0,u,0.36617827,0.14312560000000002,0,2.5584400694215423,1
134.0,g,0.84378654,0.14478448,0,5.827879756172761,1
134.0,r,3.6833758000000003,0.15427941,0,23.87470758411638,1
134.0,i,10.015312,0.17359167,0,57.69465781393773,1
134.0,z,17.194461999999998,0.19316629999999999,0,89.01377724789468,1
134.0,Y,25.317118,0.21315694,0,118.77219667349326,1
136.0,u,0.3051415,0.14291221,0,2.13516745700035,1
136.0,g,0.45485288,0.14343505,0,3.171141781593829,1
136.0,r,3.3747802000000005,0.15327603,0,22.017664471085272,1
136.0,i,10.351788,0.17455815,0,59.30280539751367,1
136.0,z,16.34959,0.19096687,0,85.61479800134966,1
136.0,Y,24.366037,0.21091418,0,115.52583614814328,1
138.0,u,0.34789371,0.14306171,0,2.431773742953303,1
138.0,g,0.7443466,0.14444067,0,5.153303429013449,1
138.0,r,3.2653775,0.15291873,0,21.353679173244508,1
138.0,i,10.420601,0.17475514,0,59.62972534026753,1
138.0,z,17.23585,0.19327341,0,89.17858902577441,1
138.0,Y,25.33275,0.21319361,0,118.8250904893444,1
140.0,u,0.563362,0.1438128,0,3.9173286383409547,1
140.0,g,0.7950395,0.14461604,0,5.497588649225909,1
140.0,r,3.6644224999999997,0.15421797,0,23.761319773564647,1
140.0,i,10.035195,0.17364894,0,57.79013105406805,1
140.0,z,17.329203,0.19351475,0,89.54977850525606,1
140.0,Y,25.341324,0.2132137,0,118.85410740491817,1
142.0,u,0.3728575,0.14314893,0,2.604682410130484,1
142.0,g,0.8181265,0.14469585,0,5.654111710874915,1
142.0,r,3.2297344,0.15280214,0,21.13670921100974,1
142.0,i,9.516009,0.17214753,0,55.27821979205859,1
142.0,z,16.844048,0.19225714,0,87.61208036278913,1
142.0,Y,24.861393,0.21208525,0,117.22358344109267,1
144.0,u,0.5806169,0.14387277,0,4.035627450559268,1
144.0,g,0.86025095,0.14484133,0,5.939264366048006,1
144.0,r,2.7746882,0.1513058,0,18.338280488917146,1
144.0,i,8.235302,0.16838664,0,48.90709856791489,1
144.0,z,15.385345000000001,0.18842532,0,81.65221637941228,1
144.0,Y,22.568127,0.20660804,0,109.23160105482827,1
146.0,u,0.27339292,0.14280109,0,1.9145016330057425,1
146.0,g,0.48097414,0.14352608,0,3.351127126164109,1
146.0,r,2.7504619999999997,0.15122572,0,18.187792394045136,1
146.0,i,7.9918074999999975,0.16766207,0,47.66616265682511,1
146.0,z,14.648765,0.18646051,0,78.56229182254194,1
146.0,Y,21.206131,0.20328525,0,104.3171159737364,1
148.0,u,0.47553393,0.14350712,0,3.31366088316733,1
148.0,g,0.31480440000000004,0.14294602,0,2.2022606855371003,1
148.0,r,2.5806227,0.15066315,0,17.128426559513724,1
148.0,i,7.9170103,0.16743886,0,47.28299213217291,1
148.0,z,13.76271,0.1840692,0,74.76921722917251,1
148.0,Y,20.441876999999998,0.20139672,0,101.5005457884319,1
150.0,u,0.53550005,0.14371589999999998,0,3.7261016352400818,1
150.0,g,0.97551155,0.14523867,0,6.71661032147981,1
150.0,r,2.75237,0.15123203,0,18.199649902206563,1
150.0,i,7.992574,0.16766435,0,47.6700860976111,1
150.0,z,13.611507999999999,0.18365802,0,74.11333303059675,1
150.0,Y,19.68382,0.19950585,0,98.66287128923788,1
152.0,u,0.41963908,0.14331225,0,2.928145221361049,1
152.0,g,0.9168175,0.14503647,0,6.321289397073715,1
152.0,r,2.7553047999999998,0.15124175,0,18.217884942484464,1
152.0,i,7.757491,0.16696182,0,46.462664338469715,1
152.0,z,13.128767000000002,0.18233904,0,72.0019530650156,1
152.0,Y,18.477133,0.19645837,0,94.05113663520673,1
154.0,u,0.21369138,0.14259191,0,1.4986220466504727,1
154.0,g,0.7770845999999999,0.14455396,0,5.375740657675514,1
154.0,r,2.5657923,0.15061392,0,17.03555886467864,1
154.0,i,7.9759970000000004,0.16761489,0,47.58525331490538,1
154.0,z,13.356720000000001,0.18296306,0,73.00227707166681,1
154.0,Y,17.949870999999995,0.19511184,0,91.99785620390846,1
156.0,u,0.4354984000000001,0.14336757,0,3.0376353592377976,1
156.0,g,0.89388454,0.14495738,0,6.166533501088389,1
156.0,r,2.4060137000000004,0.15008254,0,16.031269859905095,1
156.0,i,8.022065,0.16775228,0,47.82089996034629,1
156.0,z,13.132782,0.18235005,0,72.01962379500307,1
156.0,Y,17.554712,0.19409655,0,90.44319437929215,1
158.0,u,0.6512034000000001,0.14411788,0,4.518546900634398,1
158.0,g,0.9820466999999998,0.14526117,0,6.7605589298227455,1
158.0,r,2.9149884999999998,0.15176874,0,19.206778022931466,1
158.0,i,7.615951499999999,0.16653742,0,45.73117260973539,1
158.0,z,13.225833999999999,0.18260503,0,72.42864010920181,1
158.0,Y,17.728569,0.1945439,0,91.12888659063584,1
160.0,u,0.20902608,0.14257555,0,1.4660724086282677,1
160.0,g,0.71177614,0.14432788,0,4.931660743579134,1
160.0,r,2.7735767000000005,0.15130214,0,18.331377864186194,1
160.0,i,7.1461496,0.1651209,0,43.278286394999064,1
160.0,z,13.24988,0.18267085,0,72.53417827748653,1
160.0,Y,17.824753,0.19479094,0,91.50709473448818,1
162.0,u,0.25615275,0.14274073,0,1.7945315958521437,1
162.0,g,0.48051673,0.14352447,0,3.347977735085871,1
162.0,r,2.5370173,0.15051836,0,16.855201584710333,1
162.0,i,7.148297299999999,0.16512739999999998,0,43.28958912936315,1
162.0,z,12.378927000000001,0.18027115,0,68.66837538896269,1
162.0,Y,16.846272,0.19226292,0,87.62101397398936,1
164.0,u,0.3624844,0.1431127,0,2.5328597671625226,1
164.0,g,0.716025,0.14434259,0,4.960594097694936,1
164.0,r,2.1788914,0.14932397,0,14.591705537965538,1
164.0,i,6.94143,0.16449982,0,42.19718903035882,1
164.0,z,12.174281,0.17970265,0,67.74680840822326,1
164.0,Y,16.330671,0.19091734,0,85.53791394747067,1
166.0,u,0.31472108,0.14294572,0,2.20168242882683,1
166.0,g,0.8557618,0.14482583,0,5.908903128675321,1
166.0,r,1.8489972,0.14821523,0,12.475082351523524,1
166.0,i,6.9349647,0.16448016,0,42.16292530357461,1
166.0,z,11.576085,0.17803046,0,65.02305841371191,1
166.0,Y,15.656943,0.18914466,0,82.77761053365187,1
168.0,u,0.49606156,0.14357863,0,3.4549818451394887,1
168.0,g,0.53799087,0.14372456,0,3.743207632710791,1
168.0,r,1.9952999,0.14870796,0,13.417572939605924,1
168.0,i,6.5432963,0.16328520000000002,0,40.07280696597119,1
168.0,z,11.249887,0.17711197,0,63.51850188330015,1
168.0,Y,15.873016,0.18971498,0,83.66769983055634,1
170.0,u,0.3059317,0.14291498,0,2.1406552343218324,1
170.0,g,0.79478717,0.14461517,0,5.495876884838569,1
170.0,r,1.9524556,0.14856385,0,13.142198455411595,1
170.0,i,6.8016076000000005,0.16407429,0,41.454438717973424,1
170.0,z,11.538855,0.17792585,0,64.85204370247493,1
170.0,Y,15.310084,0.18822551,0,81.33904910126157,1
172.0,u,0.53289187,0.14370681,0,3.7081880114101766,1
172.0,g,0.7175774,0.14434798,0,4.9711634343618805,1
172.0,r,1.7707376,0.14795099,0,11.968406564903688,1
172.0,i,6.988722,0.1646435,0,42.447603458381295,1
172.0,z,11.643145,0.17821869,0,65.33066200856936,1
172.0,Y,14.675293,0.18653163,0,78.67455508752055,1
174.0,u,0.035768837000000005,0.14196664,0,0.2519524093829367,1
174.0,g,0.7045045999999999,0.1443027,0,4.882130410588298,1
174.0,r,1.9819404999999999,0.14866304,0,13.331763564097706,1
174.0,i,6.8392735,0.16418901,0,41.654879945984206,1
174.0,z,11.543622000000001,0.17793925,0,64.87394995764005,1
174.0,Y,14.506264000000002,0.186078,0,77.95797461279679,1
176.0,u,0.21879442,0.1426098,0,1.5342172838051802,1
176.0,g,1.0157104,0.145377,0,6.986733802458435,1
176.0,r,1.9090086,0.14841755,0,12.862418224798885,1
176.0,i,6.331818,0.16263634,0,38.932368989612044,1
176.0,z,11.128847,0.17676993,0,62.95667481454567,1
176.0,Y,13.935114000000002,0.1845369,0,75.51397037665639,1
178.0,u,0.6483405,0.14410794,0,4.498992213753108,1
178.0,g,0.80175364,0.14463925,0,5.543126364385878,1
178.0,r,1.9840217,0.14867005,0,13.345133737427275,1
178.0,i,5.960019,0.16148926,0,36.90659676067622,1
178.0,z,10.842547,0.17595825,0,61.61999792564429,1
178.0,Y,13.07328,0.18218683,0,71.75754690940065,1
180.0,u,0.2931714,0.14287034,0,2.0520102352944636,1
180.0,g,0.77177256,0.14453557,0,5.339672165128626,1
180.0,r,1.5630832000000001,0.14724755,0,10.615342666142833,1
180.0,i,5.862447,0.16118687,0,36.370499656702805,1
180.0,z,10.679905,0.17549549,0,60.85572341488661,1
180.0,Y,13.584449,0.18358433,0,73.99568906561906,1
182.0,u,0.3407309,0.14303668,0,2.382122543672015,1
182.0,g,0.7419305,0.14443229,0,5.136874171281229,1
182.0,r,1.2788799,0.1462793,0,8.742726414468759,1
182.0,i,5.561047,0.1602492,0,34.7024946146377,1
182.0,z,10.37842,0.17463441,0,59.429410274870804,1
182.0,Y,13.391539999999999,0.18305819,0,73.15455265891134,1
184.0,u,0.38964334,0.14320755,0,2.720829593132485,1
184.0,g,0.55243015,0.14377478,0,3.8423299969577416,1
184.0,r,1.6114198999999998,0.14741158,0,10.93143360921849,1
184.0,i,6.2456492999999975,0.16237120000000002,0,38.46525307443682,1
184.0,z,10.852107,0.17598541,0,61.6648107362991,1
184.0,Y,13.435804000000001,0.18317905,0,73.34792925282667,1
186.0,u,0.12104601,0.14226666,0,0.8508389105360314,1
186.0,g,0.76178664,0.14450102,0,5.271842648584764,1
186.0,r,1.5932857,0.14735009,0,10.812926547924064,1
186.0,i,6.35188,0.162698,0,39.04092244526669,1
186.0,z,10.851004,0.17598228,0,61.659639822827614,1
186.0,Y,13.070547999999999,0.18217932,0,71.74550876575891,1
188.0,u,0.29050329999999996,0.142861,0,2.0334681963586982,1
188.0,g,0.62615204,0.14403094,0,4.347343980397546,1
188.0,r,1.4897512,0.14699833,0,10.134477037936417,1
188.0,i,6.165472,0.16212413,0,38.02932974875486,1
188.0,z,10.222951,0.17418872,0,58.688938066712936,1
188.0,Y,12.759795,0.18132445,0,70.36996389620926,1
190.0,u,0.33807740000000003,0.14302741,0,2.3637245476234243,1
190.0,g,0.91469854,0.14502916,0,6.306997434171169,1
190.0,r,1.5084823,0.14706203,0,10.257455986429672,1
190.0,i,5.7524285000000015,0.16084523,0,35.7637494130227,1
190.0,z,10.038910000000001,0.17365964,0,57.807962748281646,1
190.0,Y,12.412709,0.18036482,0,68.8200115743192,1
192.0,u,0.03216374,0.14195395,0,0.22657868977932635,1
192.0,g,0.5144133,0.14364251,0,3.5812051738722745,1
192.0,r,1.6236188,0.14745297,0,11.011095944693418,1
192.0,i,5.525617,0.1601386,0,34.5052161065477,1
192.0,z,9.468558999999999,0.17200965,0,55.04667325350641,1
192.0,Y,12.134084,0.17959078,0,67.56518346877273,1
194.0,u,0.47294107,0.1434981,0,3.2958002231388432,1
194.0,g,0.59395325,0.14391911,0,4.126993628573718,1
194.0,r,1.3448396,0.14650461,0,9.17950363473204,1
194.0,i,5.1312737,0.15890259,0,32.29194502116045,1
194.0,z,9.407293,0.17183147,0,54.74720666709072,1
194.0,Y,11.814082,0.17869763,0,66.11213590241796,1
196.0,u,0.39588709999999994,0.14322935,0,2.7640082147967573,1
196.0,g,0.641645,0.14408472,0,4.453248061279503,1
196.0,r,1.1955336,0.14599416,0,8.18891385792418,1
196.0,i,4.8209050000000016,0.15792297,0,30.5269398112257,1
196.0,z,9.355369999999999,0.17168032,0,54.49296692830022,1
196.0,Y,12.344617999999999,0.18017596,0,68.51423464040374,1
198.0,u,0.31871068,0.14295968,0,2.2293746040841724,1
198.0,g,0.68551564,0.14423688,0,4.752707074639995,1
198.0,r,1.4903281000000002,0.14700028,0,10.138267083572902,1
198.0,i,5.302902,0.15944171,0,33.25918920463159,1
198.0,z,9.404963,0.1718247,0,54.73580340893946,1
198.0,Y,11.694533,0.1783628,0,65.56598685376099,1
200.0,u,0.5655554,0.14382042,0,3.9323720512010745,1
200.0,g,0.79206485,0.14460576,0,5.477408714562961,1
200.0,r,1.6017499,0.14737879999999998,0,10.868251743127235,1
200.0,i,5.2360815999999994,0.15923204,0,32.88334181990006,1
200.0,z,9.32675,0.17159694,0,54.352659202431,1
200.0,Y,11.099025,0.17668554,0,62.81795895691294,1
